2
3
4
5
6
7
8
9
10
11
12
13
14
15
16
17
18
19
20
21
22
23
24
25
26
27
28
29
30
31
32
33
34
35
36
37
38
39
40
41
42
43
44
45
46
47
48
49
50
51
52
53
54
55
56
57
58
60
61
62
63
65
66
67
68
70
71
72
73
74
75
76
77
78
79
80
81
82
83
84
85
86
87
88
89
90
91
92
93
94
96
97
100
101
103
104
106
107
108
109
110
111
112
113
114
115
116
118
119
120
121
122
123
124
125
126
127
128
129
130
131
132
133
134
135
136
137
138
139
140
141
142
143
144
145
146
147
148
150
151
152
153
154
155
156
157
158
159
160
161
162
163
164
165
166
167
168
169
170
171
172
173
174
175
176
177
179
180
181
182
183
184
186
187
188
189
190
191
192
193
194
195
196
197
198
200
201
202
203
204
205
206
207
208
209
210
211
212
213
215
216
217
218
219
220
222
223
224
225
226
227
229
230
231
232
233
234
235
236
237
239
240
241
243
244
246
248
249
251
252
253
254
255
256
258
259
260
261
262
263
264
265
266
267
268
270
271
272
273
274
275
276
278
282
284
286
287
288
289
290
291
292
293
294
295
296
297
298
299
300
301
302
303
304
305
306
310
312
313
314
315
317
318
319
320
321
322
323
324
325
326
327
329
330
332
333
335
336
337
339
340
341
342
343
345
346
347
350
352
355
356
357
358
359
360
361
362
363
364
365
366
367
368
369
370
371
372
373
374
375
376
379
380
381
382
385
387
389
390
391
392
394
395
396
397
398
399
401
402
403
405
407
409
411
412
414
415
416
418
420
421
422
424
426
428
429
431
432
433
435
436
438
439
442
443
444
446
447
449
450
451
452
453
454
455
456
458
459
460
462
463
464
465
466
467
468
469
471
475
476
478
481
484
485
487
489
490
491
492
493
494
495
496
497
498
499
501
504
505
506
507
508
510
513
514
515
517
518
519
522
523
524
525
527
528
532
533
534
537
538
539
540
543
544
545
547
548
549
551
553
554
555
557
558
559
560
561
563
567
568
569
570
571
572
573
575
576
581
582
583
586
588
589
590
591
593
594
595
596
597
598
602
603
604
605
606
607
608
610
611
612
617
618
619
623
624
625
626
628
629
632
634
635
637
640
642
643
645
646
647
649
651
652
653
654
655
656
658
663
666
667
670
671
674
676
677
679
680
681
686
687
688
694
696
697
700
703
706
711
714
716
717
718
721
722
723
726
728
729
730
732
734
736
742
743
744
745
747
749
750
752
754
755
756
757
759
761
762
763
765
769
770
771
773
774
777
779
780
783
784
786
791
792
793
794
796
797
798
799
803
804
809
811
812
813
814
815
818
819
822
823
824
827
829
830
833
834
835
837
841
842
844
845
850
852
853
858
862
869
871
872
873
877
878
879
881
882
888
893
894
896
898
902
903
904
905
908
910
911
915
917
922
923
924
925
929
931
932
933
934
940
944
945
946
947
952
954
957
958
960
961
962
963
964
965
968
969
970
972
973
974
975
976
979
983
986
990
1000
1001
1005
1006
1007
1013
1014
1017
1024
1025
1026
1029
1032
1035
1037
1040
1041
1042
1043
1049
1053
1055
1059
1061
1062
1063
1070
1071
1077
1081
1085
1087
1092
1093
1094
1096
1097
1098
1099
1101
1102
1103
1106
1109
1114
1115
1120
1121
1122
1123
1124
1125
1127
1129
1133
1134
1136
1140
1142
1143
1145
1150
1153
1155
1157
1164
1165
1166
1169
1177
1178
1180
1181
1184
1185
1187
1190
1191
1192
1197
1198
1200
1208
1213
1215
1219
1225
1228
1238
1239
1241
1242
1243
1247
1248
1251
1253
1256
1258
1261
1263
1266
1267
1272
1274
1279
1284
1285
1286
1287
1288
1291
1292
1297
1300
1304
1305
1307
1311
1320
1323
1327
1333
1340
1342
1344
1345
1346
1348
1349
1351
1353
1354
1356
1362
1363
1365
1367
1372
1374
1382
1389
1402
1407
1410
1411
1417
1420
1421
1422
1424
1427
1433
1436
1437
1440
1441
1445
1449
1455
1458
1459
1463
1464
1469
1471
1472
1473
1477
1480
1481
1489
1493
1495
1496
1501
1502
1505
1515
1517
1518
1520
1522
1523
1524
1531
1532
1540
1541
1545
1550
1551
1552
1559
1562
1563
1567
1568
1571
1574
1575
1576
1583
1584
1587
1588
1594
1596
1599
1602
1610
1614
1623
1628
1629
1633
1635
1642
1643
1644
1646
1649
1665
1666
1670
1671
1674
1678
1679
1680
1681
1684
1686
1691
1697
1701
1707
1713
1714
1719
1720
1727
1734
1736
1737
1738
1745
1746
1754
1755
1757
1758
1768
1774
1777
1789
1792
1793
1797
1804
1806
1809
1812
1813
1817
1818
1819
1823
1828
1830
1836
1838
1840
1851
1853
1869
1871
1875
1876
1877
1880
1881
1882
1884
1885
1886
1905
1911
1914
1916
1921
1925
1926
1929
1931
1935
1940
1942
1948
1951
1958
1962
1971
1975
1979
1980
1984
1985
1991
1992
1997
1998
2000
2003
2009
2011
2012
2023
2024
2031
2037
2042
2044
2048
2050
2051
2053
2054
2055
2058
2061
2064
2066
2075
2077
2082
2083
2086
2087
2090
2100
2106
2108
2113
2115
2121
2124
2125
2128
2140
2142
2144
2147
2154
2157
2158
2162
2174
2176
2183
2184
2185
2188
2193
2196
2199
2205
2207
2216
2218
2221
2225
2230
2232
2233
2234
2237
2240
2244
2249
2256
2259
2261
2262
2263
2264
2265
2266
2267
2270
2274
2279
2283
2284
2287
2289
2292
2297
2298
2303
2304
2309
2320
2323
2328
2333
2334
2338
2342
2346
2348
2349
2352
2353
2355
2365
2367
2369
2382
2385
2398
2401
2414
2426
2433
2441
2442
2448
2450
2455
2457
2459
2473
2476
2480
2481
2487
2492
2493
2513
2519
2520
2531
2548
2550
2557
2558
2561
2568
2572
2573
2583
2589
2592
2597
2598
2600
2601
2602
2610
2612
2619
2621
2624
2626
2627
2631
2632
2635
2646
2654
2664
2670
2672
2676
2677
2679
2680
2684
2690
2701
2704
2707
2709
2710
2711
2714
2718
2728
2730
2733
2738
2740
2746
2748
2759
2762
2764
2778
2792
2793
2795
2799
2825
2837
2843
2844
2848
2861
2868
2870
2880
2885
2901
2902
2904
2906
2914
2920
2931
2934
2936
2945
2947
2952
2956
2961
2963
2965
2966
2972
2975
2978
2980
2981
2983
2991
2992
2995
3002
3004
3013
3014
3024
3025
3027
3029
3036
3052
3056
3069
3071
3072
3076
3080
3087
3089
3114
3118
3124
3129
3134
3142
3153
3154
3156
3167
3173
3183
3187
3195
3203
3207
3215
3225
3235
3241
3247
3248
3250
3257
3258
3262
3273
3275
3276
3279
3293
3295
3296
3303
3304
3305
3306
3315
3323
3326
3327
3330
3336
3348
3354
3357
3359
3360
3380
3382
3388
3390
3398
3404
3407
3408
3410
3415
3416
3419
3425
3429
3430
3435
3440
3442
3447
3450
3457
3458
3460
3467
3479
3500
3506
3509
3523
3535
3561
3566
3568
3581
3592
3597
3601
3610
3611
3631
3635
3639
3642
3657
3661
3663
3665
3668
3677
3679
3680
3681
3691
3694
3700
3702
3708
3710
3711
3717
3724
3725
3734
3739
3761
3762
3785
3795
3796
3800
3809
3815
3821
3828
3849
3851
3865
3880
3888
3916
3925
3930
3940
3946
3948
3949
3950
3955
3960
3982
3983
3986
3988
4004
4006
4012
4017
4020
4027
4036
4039
4044
4057
4059
4063
4079
4090
4095
4110
4112
4124
4134
4138
4150
4161
4165
4168
4176
4188
4194
4211
4212
4231
4235
4240
4245
4263
4268
4270
4272
4278
4290
4297
4312
4319
4330
4342
4346
4359
4360
4361
4370
4373
4376
4387
4397
4399
4407
4410
4414
4416
4420
4426
4428
4437
4438
4451
4454
4455
4471
4476
4483
4500
4522
4524
4532
4534
4539
4546
4552
4553
4562
4563
4572
4575
4594
4595
4611
4615
4625
4631
4633
4643
4651
4655
4656
4663
4664
4669
4697
4698
4706
4708
4709
4722
4730
4750
4765
4767
4785
4788
4802
4803
4806
4812
4813
4816
4817
4819
4829
4832
4837
4842
4860
4864
4868
4869
4872
4882
4895
4902
4904
4916
4925
4940
4947
4952
4957
4976
4977
4978
4980
4992
4997
5018
5029
5035
5040
5060
5063
5078
5081
5086
5089
5090
5100
5101
5102
5111
5132
5142
5145
5230
5252
5277
5303
5305
5316
5327
5337
5350
5353
5363
5376
5378
5384
5390
5411
5413
5416
5418
5422
5423
5431
5433
5447
5449
5484
5486
5490
5503
5533
5539
5550
5554
5562
5566
5567
5592
5601
5611
5617
5629
5632
5635
5642
5643
5648
5658
5684
5692
5693
5696
5699
5732
5751
5754
5775
5780
5790
5825
5826
5837
5860
5861
5864
5878
5899
5900
5920
5930
5933
5941
5958
5961
6004
6017
6037
6039
6054
6064
6078
6085
6103
6133
6138
6146
6153
6165
6191
6198
6201
6207
6227
6239
6251
6287
6296
6297
6353
6384
6389
6395
6412
6414
6417
6430
6435
6438
6459
6478
6479
6483
6505
6533
6536
6540
6561
6596
6608
6610
6615
6616
6655
6670
6671
6673
6675
6678
6689
6694
6699
6703
6716
6719
6753
6754
6763
6766
6785
6787
6788
6826
6839
6849
6857
6866
6874
6886
6887
6908
6922
6923
6931
6958
6963
7023
7041
7042
7043
7050
7054
7074
7084
7085
7100
7145
7158
7159
7177
7180
7227
7256
7258
7259
7294
7306
7332
7337
7348
7353
7372
7395
7404
7440
7446
7462
7489
7522
7534
7537
7559
7579
7599
7603
7682
7685
7708
7715
7729
7730
7743
7746
7753
7757
7768
7786
7788
7790
7794
7802
7818
7824
7829
7830
7834
7862
7865
7876
7881
7889
7894
7900
7912
7924
7941
7948
7951
7962
8002
8003
8031
8038
8046
8048
8066
8069
8077
8080
8090
8097
8104
8110
8168
8181
8201
8229
8238
8244
8270
8315
8345
8362
8371
8390
8396
8397
8424
8463
8471
8478
8483
8492
8497
8505
8506
8515
8576
8616
8623
8673
8677
8701
8708
8713
8731
8766
8779
8805
8842
8844
8869
8879
8881
8901
8907
8932
8934
8946
8952
8957
8969
8988
9016
9033
9042
9045
9105
9109
9133
9137
9139
9153
9181
9213
9225
9230
9234
9257
9260
9287
9295
9323