50
59
64
99
102
105
117
135
194
207
215
221
222
228
242
250
254
280
283
297
307
334
354
410
426
462
494
509
526
535
539
566
579
583
584
585
587
615
622
628
665
667
699
704
720
727
735
775
788
795
828
832
848
865
868
886
901
942
956
975
993
1020
1021
1030
1038
1039
1051
1056
1075
1104
1133
1135
1188
1193
1196
1203
1235
1236
1257
1262
1282
1306
1361
1364
1379
1388
1390
1392
1393
1403
1409
1412
1429
1487
1503
1504
1510
1549
1550
1570
1591
1601
1614
1631
1636
1652
1662
1668
1677
1681
1699
1703
1726
1731
1739
1740
1762
1764
1792
1803
1826
1835
1842
1853
1857
1860
1872
1879
1912
1918
1943
1947
1969
1973
1987
2027
2030
2032
2065
2068
2079
2091
2114
2116
2145
2160
2167
2181
2217
2220
2226
2239
2255
2273
2275
2286
2310
2317
2332
2377
2379
2411
2427
2434
2490
2514
2517
2527
2599
2610
2620
2642
2705
2712
2713
2716
2726
2743
2758
2763
2765
2771
2782
2797
2813
2828
2853
2859
2865
2876
2892
2896
2897
2970
2984
2989
3009
3021
3028
3060
3061
3072
3102
3128
3154
3176
3192
3197
3246
3252
3259
3265
3285
3317
3323
3352
3366
3368
3399
3412
3449
3482
3517
3521
3534
3543
3548
3587
3597
3614
3645
3662
3693
3721
3745
3752
3760
3778
3842
3861
3902
3927
3964
3969
4008
4010
4025
4045
4077
4089
4107
4123
4161
4167
4171
4239
4290
4297
4329
4337
4383
4401
4413
4421
4468
4487
4537
4642
4658
4703
4720
4736
4737
4781
4792
4798
4815
4856
4866
4934
4936
5054
5073
5174
5178
5343
5403
5423
5462
5470
5476
5597
5602
5608
5659
5682
5732
5733
5756
5770
5783
5822
5831
5833
5835
5875
5964
5986
6024
6043
6070
6079
6096
6136
6159
6173
6187
6228
6276
6295
6309
6319
6379
6437
6493
6502
6682
6695
6822
6880
6908
6948
6974
6975
6976
7039
7048
7102
7128
7137
7146
7208
7209
7212
7259
7267
7333
7352
7405
7507
7516
7553
7749
7760
7854
7869
7953
8059
8073
8256
8278
8291
8294
8392
8410
8515
8571
8585
8607
8672
8695
8745
8906
8944
8948
8949
8978
9047
9286
9324